JOB 0
COORDS  8.2070704671e-01  5.7352740527e-01 -3.3865643996e-01 -2.7274634620e-01  5.7317719073e-01  3.3903762767e-01  1.0896717262e+00  1.4264836432e+00 -6.5210718385e-01 -5.4363242674e-01  1.4258117608e+00  6.5172599615e-01
ENERGY  2.430938158126e-02
GRADIENT -8.7110431863e-04 -2.0836107130e-04 -1.5038277640e-03  9.3265643262e-04 -6.7298694652e-05  1.4713791456e-03  5.6802542086e-04  1.5312556829e-04  9.0836765179e-04 -6.2957753485e-04  1.2253419767e-04 -8.7591903337e-04

JOB 1
COORDS  8.4827811151e-01  5.8633710256e-01 -2.8985639445e-01 -2.9923888972e-01  5.8603601116e-01  2.9063762518e-01  1.0835402984e+00  1.4136676740e+00 -6.8798901458e-01 -5.3857952014e-01  1.4129592123e+00  6.8720778384e-01
ENERGY  2.360521377905e-02
GRADIENT -1.2787175472e-03 -6.9031595141e-04 -2.4655678693e-03  1.4970707511e-03 -2.3229706269e-04  2.3924675318e-03  7.5935371469e-04  5.1325413400e-04  1.5154316145e-03 -9.7770691855e-04  4.0935888010e-04 -1.4423312770e-03

JOB 2
COORDS  8.6993694981e-01  6.0826451287e-01 -2.4251465276e-01 -3.2021136373e-01  6.0801170861e-01  2.4333770248e-01  1.0848798693e+00  1.3917382732e+00 -7.3100796002e-01 -5.4060545540e-01  1.3909855053e+00  7.3018491030e-01
ENERGY  2.268362041612e-02
GRADIENT -1.0671887883e-03 -1.1024015179e-03 -2.6123700765e-03  1.4338677097e-03 -3.9222085502e-04  2.5547495665e-03  6.1956381959e-04  8.3330426777e-04  1.5727514504e-03 -9.8624274107e-04  6.6131810520e-04 -1.5151309404e-03

JOB 3
COORDS  8.8579277939e-01  6.3969167017e-01 -1.9852407002e-01 -3.3602585737e-01  6.3948436454e-01  1.9918854751e-01  1.0931780296e+00  1.3603130796e+00 -7.7879258214e-01 -5.4894495163e-01  1.3595108857e+00  7.7812810464e-01
ENERGY  2.180006607031e-02
GRADIENT -6.5998872511e-04 -1.2114914867e-03 -2.0730674082e-03  1.0794833227e-03 -4.6907179412e-04  2.0761516607e-03  3.5776181666e-04  9.3546576301e-04  1.2148132477e-03 -7.7725641425e-04  7.4509751783e-04 -1.2178975002e-03

JOB 4
COORDS  8.9658809320e-01  6.8016110594e-01 -1.6004574958e-01 -3.4707020266e-01  6.7999380117e-01  1.6056504419e-01  1.1068273904e+00  1.3198489932e+00 -8.2782606490e-01 -5.6234528091e-01  1.3189960997e+00  8.2730677029e-01
ENERGY  2.109345472168e-02
GRADIENT -3.7266725635e-04 -1.1381302258e-03 -1.4290617811e-03  7.7888292297e-04 -4.9328419606e-04  1.4952470128e-03  1.5690714795e-04  9.0293036890e-04  8.0995487716e-04 -5.6312281457e-04  7.2848405296e-04 -8.7614010890e-04

JOB 5
COORDS  9.0314640660e-01  7.2734611177e-01 -1.2874674177e-01 -3.5417655760e-01  7.2721164782e-01  1.2908885022e-01  1.1227211182e+00  1.2726709727e+00 -8.7305592897e-01 -5.7769096717e-01  1.2717712677e+00  8.7271382053e-01
ENERGY  2.052345611693e-02
GRADIENT -4.9930691600e-04 -1.1254084458e-03 -9.4318973370e-04  8.2954117795e-04 -6.8301990129e-04  1.0322628368e-03  3.5380104238e-05  9.6408637651e-04  5.8067578651e-04 -3.6561436619e-04  8.4434197056e-04 -6.6974888959e-04

JOB 6
COORDS  9.0784739986e-01  7.7820564936e-01 -1.0562888556e-01 -3.5792950663e-01  7.7809397518e-01  1.0632298808e-01  1.1383227654e+00  1.2218198053e+00 -9.1175211703e-01 -5.9424065865e-01  1.2208805702e+00  9.1105801451e-01
ENERGY  1.998040008368e-02
GRADIENT -1.8334950703e-04 -1.3350556051e-03 -9.1748067955e-04  6.7300895076e-04 -7.7695998177e-04  1.1265961002e-03 -2.4476787672e-05  1.1382655666e-03  4.6251770176e-04 -4.6518265606e-04  9.7375002028e-04 -6.7163312244e-04

JOB 7
COORDS  9.1020774699e-01  8.2810873718e-01 -8.9577604710e-02 -3.6028952172e-01  8.2801355648e-01  9.0320379448e-02  1.1509251599e+00  1.1719231485e+00 -9.4027562805e-01 -6.0684338512e-01  1.1709545579e+00  9.3953285331e-01
ENERGY  1.944353225130e-02
GRADIENT -9.8318350879e-05 -1.4179333577e-03 -7.0905508414e-04  5.8879126605e-04 -9.8058062478e-04  9.6369825097e-04 -7.0876036896e-05  1.2655602883e-03  3.2568236790e-04 -4.1959687827e-04  1.1329536943e-03 -5.8032553473e-04

JOB 8
COORDS  9.1120893137e-01  8.7506439687e-01 -7.9230113798e-02 -3.6192523518e-01  8.7498048833e-01  7.9821544812e-02  1.1603249799e+00  1.1249719748e+00 -9.5976115806e-01 -6.1560867606e-01  1.1239831400e+00  9.5916972705e-01
ENERGY  1.896701769003e-02
GRADIENT -6.9052716688e-05 -1.2738664115e-03 -4.4924583675e-04  4.5248944527e-04 -1.0249478837e-03  6.7151474424e-04 -6.2512779719e-05  1.1877862635e-03  1.7417911092e-04 -3.2092394886e-04  1.1110280317e-03 -3.9644801841e-04

JOB 9
COORDS  9.1164335537e-01  9.1867878148e-01 -7.2893124292e-02 -3.6341088417e-01  9.1860244665e-01  7.3198670735e-02  1.1666340290e+00  1.0813602273e+00 -9.7193774296e-01 -6.2086650023e-01  1.0803585446e+00  9.7163219651e-01
ENERGY  1.860617672032e-02
GRADIENT  3.7703896184e-04 -9.3490401921e-04 -1.9394646487e-04 -1.7068794155e-04 -8.4767163764e-04  3.2215861601e-04 -6.4785614462e-05  9.0493556305e-04  5.5789479003e-05 -1.4156540583e-04  8.7764009381e-04 -1.8400163014e-04

JOB 10
COORDS  9.1136575489e-01  9.5988162913e-01 -6.9557545380e-02 -3.6403146110e-01  9.5980961840e-01  6.9622292030e-02  1.1702682965e+00  1.0401587266e+00 -9.7850437828e-01 -6.2360259029e-01  1.0391500259e+00  9.7843963163e-01
ENERGY  1.838552833710e-02
GRADIENT -8.4195773847e-06 -4.8563066119e-04 -4.1754052803e-05  6.4219314374e-05 -4.7400237027e-04  7.7749102631e-05 -1.3748401025e-05  4.8165304484e-04  1.1859629948e-05 -4.2051335965e-05  4.7797998662e-04 -4.7854679776e-05

JOB 11
COORDS  9.1131906372e-01  9.9978530924e-01 -6.8504179105e-02 -3.6431906487e-01  9.9971468638e-01  6.8504179133e-02  1.1714717306e+00  1.0002554734e+00 -9.8061408004e-01 -6.2447172947e-01  9.9924453101e-01  9.8061408001e-01
ENERGY  1.831187875086e-02
GRADIENT  4.4154005048e-07 -4.0545061872e-09  7.8131707839e-06 -4.4190818016e-07  4.0000184327e-09 -7.8126069565e-06  8.7818372220e-07  3.3993612919e-09 -6.5421896890e-06 -8.7781559252e-07 -3.3448735374e-09  6.5416258616e-06

JOB 12
COORDS  9.1136727031e-01  1.0396901603e+00 -6.9516608560e-02 -3.6403033251e-01  1.0396180977e+00  6.9664494915e-02  1.1702679722e+00  9.6035020021e-01 -9.7854655453e-01 -6.2360490997e-01  9.5934154178e-01  9.7839866817e-01
ENERGY  1.838552808787e-02
GRADIENT -7.9444728891e-06  4.8573015864e-04 -4.1225650352e-05  6.4168131082e-05  4.7387611124e-04  7.8597090304e-05 -1.3771361941e-05 -4.8168936720e-04  1.1060751301e-05 -4.2452296253e-05 -4.7791690268e-04 -4.8432191254e-05

JOB 13
COORDS  9.1164299693e-01  1.0808966653e+00 -7.2808865748e-02 -3.6340648108e-01  1.0808202275e+00  7.3282906105e-02  1.1666319383e+00  9.1914235148e-01 -9.7202192070e-01 -6.2086845412e-01  9.1814075572e-01  9.7154788034e-01
ENERGY  1.860617138780e-02
GRADIENT  3.7269909316e-04  9.3531792948e-04 -1.9222882495e-04 -1.6570776975e-04  8.4718102531e-04  3.2307238500e-04 -6.4790493404e-05 -9.0509938288e-04  5.4241969337e-05 -1.4220083000e-04 -8.7739957191e-04 -1.8508552939e-04

JOB 14
COORDS  9.1121068765e-01  1.1245198719e+00 -7.9098507470e-02 -3.6192537313e-01  1.1244358128e+00  7.9946926580e-02  1.1603208925e+00  8.7551650822e-01 -9.5988855508e-01 -6.1560620705e-01  8.7452780705e-01  9.5904013597e-01
ENERGY  1.896701755905e-02
GRADIENT -6.7147792940e-05  1.2748152257e-03 -4.4565516253e-04  4.5101887456e-04  1.0244945632e-03  6.7047232392e-04 -6.3262499192e-05 -1.1883594746e-03  1.7172166959e-04 -3.2060858243e-04 -1.1109503143e-03 -3.9653883098e-04

JOB 15
COORDS  9.1020972233e-01  1.1714843827e+00 -8.9401520868e-02 -3.6028689764e-01  1.1713889870e+00  9.0498717681e-02  1.1509254341e+00  8.2854752013e-01 -9.4045484241e-01 -6.0684825874e-01  8.2757911019e-01  9.3935764560e-01
ENERGY  1.944352586165e-02
GRADIENT -9.8689137593e-05  1.4192126090e-03 -7.0756831060e-04  5.9013980409e-04  9.7911986159e-04  9.6544490865e-04 -7.0874481319e-05 -1.2661205519e-03  3.2381494438e-04 -4.2057618518e-04 -1.1322119187e-03 -5.8169154244e-04

JOB 16
COORDS  9.0785016615e-01  1.2214041958e+00 -1.0540089374e-01 -3.5792776396e-01  1.2212922465e+00  1.0655192946e-01  1.1383226632e+00  7.7862127966e-01 -9.1198266452e-01 -5.9424506538e-01  7.7768227798e-01  9.1083162880e-01
ENERGY  1.998039356563e-02
GRADIENT -1.8211787909e-04  1.3368414762e-03 -9.1590751886e-04  6.7281548123e-04  7.7521108644e-04  1.1279601085e-03 -2.4690562423e-05 -1.1391325088e-03  4.6068756984e-04 -4.6600703971e-04 -9.7292005386e-04 -6.7274015951e-04

JOB 17
COORDS  9.0315642832e-01  1.2722738053e+00 -1.2846681327e-01 -3.5415201281e-01  1.2721389699e+00  1.2938234168e-01  1.1227260980e+00  7.2774332737e-01 -8.7336254158e-01 -5.7773051352e-01  7.2684389746e-01  8.7244701317e-01
ENERGY  2.052339679557e-02
GRADIENT -5.1172350508e-04  1.1307584493e-03 -9.4223812396e-04  8.4739250659e-04  6.7626367882e-04  1.0373098231e-03  3.6686047823e-05 -9.6604687217e-04  5.7743596420e-04 -3.7235504934e-04 -8.4097525597e-04 -6.7250766335e-04

JOB 18
COORDS  8.9658918530e-01  1.3195047858e+00 -1.5971708198e-01 -3.4706895480e-01  1.3193370886e+00  1.6089391771e-01  1.1068277896e+00  6.8050534096e-01 -8.2815656363e-01 -5.6234802012e-01  6.7965278454e-01  8.2697972791e-01
ENERGY  2.109344934319e-02
GRADIENT -3.7256996412e-04  1.1402566842e-03 -1.4279871703e-03  7.7963625469e-04  4.9086449032e-04  1.4961218699e-03  1.5668055430e-04 -9.0390162814e-04  8.0892687460e-04 -5.6374684487e-04 -7.2721954635e-04 -8.7706157421e-04

JOB 19
COORDS  8.8579404891e-01  1.3600145975e+00 -1.9815339071e-01 -3.3602396727e-01  1.3598068505e+00  1.9955798509e-01  1.0931769552e+00  6.3999018281e-01 -7.7916376456e-01 -5.4894703688e-01  6.3918836923e-01  7.7775917018e-01
ENERGY  2.180005976772e-02
GRADIENT -6.6038349027e-04  1.2147740639e-03 -2.0714952317e-03  1.0810512921e-03  4.6592026054e-04  2.0763649576e-03  3.5729489074e-04 -9.3707975470e-04  1.2137232768e-03 -7.7796269260e-04 -7.4361456970e-04 -1.2185930027e-03

JOB 20
COORDS  8.6994356292e-01  1.3914865288e+00 -2.4210952377e-01 -3.2020502827e-01  1.3912332346e+00  2.4374236780e-01  1.0848775002e+00  6.0851629610e-01 -7.3141781296e-01 -5.4061603489e-01  6.0776394046e-01  7.2978496894e-01
ENERGY  2.268360576892e-02
GRADIENT -1.0668359627e-03  1.1091064826e-03 -2.6105987096e-03  1.4357475279e-03  3.8723009754e-04  2.5549521179e-03  6.1921127337e-04 -8.3702827043e-04  1.5709012316e-03 -9.8812283854e-04 -6.5930830975e-04 -1.5152546398e-03

JOB 21
COORDS  8.4828263029e-01  1.4134632612e+00 -2.8942937786e-01 -2.9923434734e-01  1.4131616570e+00  2.9106386235e-01  1.0835372521e+00  5.8654155286e-01 -6.8841769871e-01 -5.3858553508e-01  5.8583352893e-01  6.8678321423e-01
ENERGY  2.360520804054e-02
GRADIENT -1.2785838229e-03  6.9563975419e-04 -2.4645721519e-03  1.4985882423e-03  2.2815662953e-04  2.3921161030e-03  7.5889745308e-04 -5.1611546353e-04  1.5146779500e-03 -9.7890187247e-04 -4.0768092019e-04 -1.4422219010e-03

JOB 22
COORDS  8.2071098625e-01  1.4263224145e+00 -3.3821653484e-01 -2.7274402744e-01  1.4259716717e+00  3.3947862255e-01  1.0896706804e+00  5.7368867208e-01 -6.5254957407e-01 -5.4363763917e-01  5.7301724168e-01  6.5128748636e-01
ENERGY  2.430938078066e-02
GRADIENT -8.6942450393e-04  2.1148481439e-04 -1.5045712099e-03  9.3181141168e-04  6.4740849598e-05  1.4720503029e-03  5.6786943552e-04 -1.5477014697e-04  9.0817721974e-04 -6.3025634327e-04 -1.2145551701e-04 -8.7565631268e-04

JOB 23
COORDS  9.0325364538e-01  1.3863913515e+00 -2.3034142504e-01 -1.2403243958e-01  1.3809482552e+00  5.4387160538e-01  9.8670073479e-01  6.2022492986e-01 -7.8177426573e-01 -6.7192194058e-01  6.1143546346e-01  4.6824408539e-01
ENERGY  2.457261064928e-02
GRADIENT -8.3571669192e-05  8.4201157441e-07  6.3802710018e-05  8.4227503337e-05  2.1896841561e-06 -6.2367159138e-05 -8.2606998053e-06 -1.5367232707e-06  5.2740996564e-06  7.6048656600e-06 -1.4949724598e-06 -6.7096505364e-06

